658148
660473
655692
660452
658336
658109
660479
658153
658154
658157
655092
658091
658156
655090
658094
658093
658158
658096
658161
655093
658095
658160
658163
658097
658162
655082
658164
658167
655095
658101
658166
658169
658104
658103
658106
658171
658105
658170
660475
658108
658173
658172
658111
658175
658110
658174
653246
655691
658113
658177
658176
658112
658115
658179
660468
658114
658178
658117
658181
658116
658180
658119
658183
658118
658182
660308
658121
658120
658080
655091
658123
658335
657275
660474
658081
658122
658079
655084
660338
660305
657932
660536
660535
660497
660538
660522
660347
660501
660498
660537
